<?xml version="1.0" encoding="UTF-8" standalone="no"?>
<!-- Created with Inkscape (http://www.inkscape.org/) -->

<svg
   xmlns:dc="http://purl.org/dc/elements/1.1/"
   xmlns:cc="http://creativecommons.org/ns#"
   xmlns:rdf="http://www.w3.org/1999/02/22-rdf-syntax-ns#"
   xmlns:svg="http://www.w3.org/2000/svg"
   xmlns="http://www.w3.org/2000/svg"
   xmlns:sodipodi="http://sodipodi.sourceforge.net/DTD/sodipodi-0.dtd"
   xmlns:inkscape="http://www.inkscape.org/namespaces/inkscape"
   width="744.09448819"
   height="1052.3622047"
   id="svg2"
   version="1.1"
   inkscape:version="0.47 r22583"
   sodipodi:docname="signature.svg">
  <defs
     id="defs4">
    <inkscape:path-effect
       effect="spiro"
       id="path-effect3613"
       is_visible="true" />
    <inkscape:perspective
       sodipodi:type="inkscape:persp3d"
       inkscape:vp_x="0 : 526.18109 : 1"
       inkscape:vp_y="0 : 1000 : 0"
       inkscape:vp_z="744.09448 : 526.18109 : 1"
       inkscape:persp3d-origin="372.04724 : 350.78739 : 1"
       id="perspective10" />
  </defs>
  <sodipodi:namedview
     id="base"
     pagecolor="#ffffff"
     bordercolor="#666666"
     borderopacity="1.0"
     inkscape:pageopacity="0.0"
     inkscape:pageshadow="2"
     inkscape:zoom="1.4"
     inkscape:cx="245.4002"
     inkscape:cy="566.94433"
     inkscape:document-units="px"
     inkscape:current-layer="layer1"
     showgrid="false"
     inkscape:window-width="1920"
     inkscape:window-height="1030"
     inkscape:window-x="-8"
     inkscape:window-y="-8"
     inkscape:window-maximized="1" />
  <metadata
     id="metadata7">
    <rdf:RDF>
      <cc:Work
         rdf:about="">
        <dc:format>image/svg+xml</dc:format>
        <dc:type
           rdf:resource="http://purl.org/dc/dcmitype/StillImage" />
        <dc:title></dc:title>
      </cc:Work>
    </rdf:RDF>
  </metadata>
  <g
     inkscape:label="Layer 1"
     inkscape:groupmode="layer"
     id="layer1">
    <path
       style="fill:#000000;fill-opacity:1;stroke-width:16.20000076;stroke-linecap:round;stroke-miterlimit:4;stroke-dasharray:none"
       id="path4059"
       d="m 152.25353,488.4465 c -1.40203,1.26673 -2.45464,2.77009 -2.97558,4.58558 -0.27125,1.42395 0.53079,1.01193 -0.36358,-0.29097 -0.3658,-0.37153 -0.79822,-0.50514 -1.32268,-0.47281 -0.18419,0.0114 -0.35939,0.16465 -0.53949,0.12436 -0.11778,-0.0263 0.18278,-0.15767 0.27417,-0.2365 -0.24139,0.0265 -0.0318,-0.43494 -0.0648,-0.62366 0.005,-4.6358 6.56062,-4.62929 6.55602,0.007 l 0,0 c -0.0525,2.07473 -0.38918,3.9497 -1.88699,5.50973 -2.26193,1.97667 -4.45883,2.71614 -7.20992,0.99497 -0.37321,-0.36712 -0.81108,-0.67844 -1.11963,-1.10136 -1.32814,-1.82041 -1.05582,-4.11584 -0.38788,-6.11195 0.9161,-2.26794 2.28325,-4.22025 3.67892,-6.21353 2.70795,-3.79113 8.06942,0.0385 5.36147,3.82962 z" />
    <path
       style="fill:#000000;fill-opacity:1;stroke-width:16.20000076;stroke-linecap:round;stroke-miterlimit:4;stroke-dasharray:none"
       id="path4083"
       d="m 192.5552,366.67499 c 2.59861,1.24237 5.26408,2.34118 7.91052,3.47921 3.28862,1.53192 6.80179,2.44991 10.27461,3.45173 2.85055,0.89381 5.84253,0.99063 8.76512,1.47768 4.50519,0.45337 9.06127,0.19946 13.5549,-0.26222 4.24898,-0.63283 8.52009,-1.12014 12.75267,-1.85899 2.29141,-0.35905 4.54839,-0.89353 6.82588,-1.3239 2.46251,-0.51329 4.8655,-0.10151 6.22037,2.27077 0.26823,0.46966 0.33398,1.02888 0.50097,1.54332 0.42005,2.33493 0.5462,4.69793 0.71688,7.05954 0.14122,2.95662 0.1067,5.90773 0.29087,8.86234 0.0187,1.72025 0.3542,3.44782 0.31559,5.16962 -0.0484,2.16003 -0.30557,4.33916 -0.39701,6.50161 -0.10274,4.03921 -0.22107,8.06628 -0.52928,12.09591 -0.10521,4.24557 -0.56248,8.45662 -1.02766,12.67457 -0.26457,2.21689 -0.38467,4.47508 -0.77109,6.67672 -0.42111,2.39933 -1.10392,4.76878 -1.61098,7.15225 -0.96177,4.35154 -2.06046,8.65905 -2.94148,13.02963 -0.2001,0.72544 -0.40232,1.45029 -0.60028,2.17632 -0.45181,1.65699 -0.57961,2.34687 -1.21139,3.96467 -0.91739,2.34912 -2.1555,4.54698 -3.37768,6.745 -2.73836,5.04249 -6.41106,9.4352 -10.14498,13.75596 -2.6174,3.34652 -5.52193,6.41832 -8.85275,9.05638 -3.37593,2.53539 -5.99151,2.1351 -9.92728,1.35853 -3.62744,-0.77844 -1.61006,-0.34223 -6.0511,-1.31339 -3.00612,-0.24367 -2.66152,-4.49496 0.3446,-4.2513 l 0,0 c 4.81014,-0.21629 2.64804,-0.24318 6.48656,-0.0559 1.9817,0.13119 3.8774,0.26645 5.67584,-0.71099 3.26965,-1.90723 6.00443,-4.64002 8.57705,-7.38283 3.5716,-3.97533 6.77709,-8.25085 9.26748,-12.99738 1.97241,-3.63988 3.30744,-7.54808 4.39452,-11.53852 1.03823,-4.3387 2.02387,-8.68931 3.12631,-13.01289 1.03046,-4.34917 1.76689,-8.7558 2.28115,-13.19668 0.38837,-4.16544 0.35687,-8.34994 0.78417,-12.5139 0.24286,-3.98874 0.31339,-7.98248 0.56089,-11.97167 0.18856,-3.67168 0.0742,-7.33277 -0.16508,-11.00146 -0.23461,-2.95509 -0.67656,-5.87622 -0.68567,-8.8456 -0.12543,-1.91872 -0.4329,-3.80709 -0.86372,-5.68094 1.06881,1.39657 2.67324,0.53125 0.60046,0.74629 -2.35482,0.27421 -4.68606,0.72689 -7.06371,0.77152 -4.30084,0.36426 -8.61261,0.57834 -12.89403,1.15769 -0.62927,0.0841 -4.63747,0.6288 -5.32218,0.68584 -3.04355,0.25356 -6.11275,0.11815 -9.16133,0.23636 -0.66514,0.0225 -1.33037,0.0926 -1.99542,0.0676 -2.74244,-0.10298 -5.38663,-1.22739 -8.03055,-1.82155 -3.66253,-1.05238 -7.36364,-2.02466 -10.86369,-3.56236 -2.64457,-0.99338 -5.31828,-1.99545 -8.05384,-2.69187 -4.36479,-1.6368 -2.05001,-7.80953 2.31477,-6.17274 z" />
    <path
       style="fill:#000000;fill-opacity:1;stroke-width:16.20000076;stroke-linecap:round;stroke-miterlimit:4;stroke-dasharray:none"
       id="path4089"
       d="m 305.03076,446.39023 c -4.13131,-0.90124 -8.28491,-0.28943 -12.36189,0.54665 -3.19589,0.66832 -5.3916,1.60425 -7.58808,3.97692 -1.96165,2.57546 -2.0295,6.06566 -2.31139,9.16175 -0.43598,4.8982 -0.10167,9.75852 1.47477,14.42378 1.07137,2.87251 3.00375,4.90976 5.7543,6.18324 2.00918,0.43168 3.7794,-1.06325 5.31315,-2.17413 4.8319,-4.02461 9.85336,-7.8211 14.798,-11.71386 4.58603,-3.22529 8.88464,-6.80325 13.07388,-10.5184 -0.36526,0.0706 1.85052,-1.4951 1.27435,-1.70719 -0.22885,-0.0842 -0.29935,0.50032 -0.38987,0.27982 -0.009,-0.19993 -0.10124,-1.20125 -0.32992,-1.18794 -0.0884,0.005 -0.0572,0.19925 10e-4,0.26582 0.51225,0.58313 1.10902,1.08621 1.66353,1.62932 1.41865,-0.47698 2.90388,-0.78909 4.25596,-1.43096 0.22681,-0.10767 0.16832,-0.4731 0.2529,-0.7095 0.0605,-0.16895 -0.0637,0.35316 -0.0972,0.52944 -0.30636,1.6119 -0.15093,0.24539 -0.28761,2.15474 -0.19824,3.84315 -0.14856,7.6961 -0.03,11.54229 0.40214,4.56454 0.69152,9.13372 1.00787,13.70377 0.10751,1.40121 0.19024,2.82651 0.55105,4.19277 0.0445,0.16854 0.13766,0.6622 0.17656,0.49227 0.53909,-2.35505 -3.35752,-2.30741 -4.68828,-2.84245 -0.17734,0.12347 -0.31601,0.37601 -0.53202,0.37041 -0.21233,-0.005 0.31046,-0.29065 0.45318,-0.44796 0.49468,-0.54527 1.02873,-1.01666 1.58615,-1.49533 1.81472,-1.57049 3.55231,-3.22168 5.25117,-4.91739 2.3962,-2.39744 5.17352,-4.33652 7.76837,-6.50065 1.65215,-1.37792 3.26308,-2.80461 4.90765,-4.19156 4.40908,-3.63514 8.51917,-7.57116 11.95715,-12.14508 1.43889,-2.22402 3.02898,-4.88598 6.35288,-3.10782 2.02502,1.0833 1.66185,2.76444 1.69338,4.47906 -0.14959,4.77542 -0.59541,9.50964 -1.39204,14.21911 -0.72991,5.08723 -0.91353,10.23619 -0.88518,15.3697 0.0875,1.36366 -0.13468,2.78144 0.19956,4.12666 0.0398,0.1603 0.3776,0.47634 0.21517,0.44636 -6.90729,-1.27499 -7.27919,0.40286 -6.12982,-2.41284 0.6302,-2.89177 1.51478,-5.67197 2.68673,-8.39325 0.29532,-0.54543 0.50788,-1.14461 0.88598,-1.6363 2.38628,-3.10316 6.36918,-5.34709 9.76816,-7.16975 2.86423,-1.41813 5.54117,-2.35627 8.35875,-0.15277 0.46763,0.36572 0.81822,0.86037 1.22732,1.29055 1.8405,2.40137 2.77551,5.36463 4.82989,7.62357 1.42505,1.21362 2.06125,0.77649 3.86317,0.46873 3.256,-0.78636 6.21374,-2.35876 9.2534,-3.70145 7.47499,-3.30187 -1.81105,0.98376 5.69786,-2.51979 2.64528,-1.05474 6.58129,-4.82696 9.40439,-4.99848 0.66013,-0.0401 1.3135,0.15576 1.97024,0.23364 0.65913,0.51388 1.41536,0.92304 1.97737,1.54163 0.35171,0.38712 0.44491,0.94767 0.69939,1.40463 0.81136,1.45692 1.78071,2.55897 3.19476,3.42696 3.65191,1.21108 7.27474,-0.93238 10.24971,-2.84979 3.5591,-2.34705 5.22649,-6.17655 7.34881,-9.67591 1.28285,-1.89581 3.18063,-3.56232 5.60977,-3.64547 1.4513,-0.0497 3.03622,0.43711 4.42958,0.78781 3.34997,0.82808 6.44848,2.35942 9.68244,3.51927 2.52367,0.90511 3.81177,1.23605 6.3952,1.98728 4.39301,1.09046 2.5088,0.68712 7.10523,1.5567 1.62398,0.30723 3.2382,0.6743 4.87397,0.91083 6.32469,0.91452 12.75033,1.1224 19.12309,1.42754 4.96554,0.26419 9.9407,0.20643 14.90818,0.39788 3.11799,0.12017 6.2286,0.43852 9.34863,0.47948 3.29007,0.0432 6.57904,-0.14827 9.86844,-0.2272 11.41068,-0.27383 7.57731,-0.17044 18.66806,-0.55012 10.88622,-0.78276 21.80741,-1.11702 32.66788,-2.22029 2.47246,-0.0687 2.56967,3.42785 0.0972,3.49658 l 0,0 c -10.91339,-0.49159 -21.83327,-0.82312 -32.75725,-0.95184 -13.45476,0.19015 -4.75028,0.0344 -18.67261,0.36848 -3.28976,0.0789 -6.58322,0.0566 -9.8695,0.22723 -3.12646,0.16235 -6.23346,0.61625 -9.36028,0.77133 -0.92764,0.046 -13.84137,0.1041 -14.94037,0.10989 -6.46616,0.0257 -12.92864,0.0301 -19.3945,-0.0357 -1.751,-0.0178 -3.50586,0.0657 -5.25301,-0.0517 -2.38583,-0.16031 -5.31379,-0.84458 -7.65711,-1.32893 -5.33792,-1.4807 -10.648,-3.03362 -16.06786,-4.18883 -1.64321,-0.27847 -2.67097,-0.69787 -3.903,0.62107 -3.06369,3.62378 -5.43612,7.98715 -9.62146,10.49024 -3.32016,1.96265 -7.80175,4.50411 -11.73555,4.74511 -1.80314,0.11047 -2.87027,-0.5283 -4.45438,-1.1788 -1.84288,-1.26794 -2.72981,-2.05886 -4.13992,-3.78371 -0.31524,-0.38561 -0.59216,-0.80247 -0.92027,-1.1772 -0.19772,-0.22582 -0.95039,-0.57797 -0.65317,-0.61983 0.4225,-0.0595 0.77088,0.36598 1.15632,0.54897 0.23328,-0.0556 0.51417,-0.015 0.69984,-0.16676 0.0813,-0.0665 -0.0736,-0.25599 -0.17851,-0.25945 -0.39037,-0.0129 -0.77643,0.10744 -1.15173,0.21562 -2.34677,0.6764 -4.46734,1.94271 -6.68785,2.92111 -5.08253,2.52174 -10.11913,5.14773 -15.34067,7.37757 -0.79604,0.30407 -1.56325,0.69833 -2.3881,0.9122 -3.12122,0.8093 -5.95116,-0.66922 -7.90705,-3.01992 -1.69678,-2.30519 -2.88525,-4.92888 -4.72179,-7.13365 -0.64296,-0.80986 0.55218,0.13 0.10614,-0.54496 -0.39056,-0.591 -2.30618,0.33134 -2.57862,0.33372 -3.09038,1.22311 -6.07957,2.85703 -7.63991,5.94063 -0.30985,0.72631 -0.78889,1.79271 -1.02362,2.55806 -0.51285,1.67224 -0.57142,3.43796 -0.90104,5.14619 -0.45388,3.13851 0.12069,1.40182 -6.93214,0.54242 -0.15093,-0.0184 0.19622,-0.24197 0.24104,-0.38726 0.22564,-0.7315 0.26305,-1.83215 0.32187,-2.54237 0.0478,-0.57748 0.0957,-1.15494 0.14359,-1.73241 0.56773,-5.19818 1.34302,-10.3713 1.77788,-15.58386 0.19102,-4.38146 0.65955,-8.82114 0.0134,-13.18194 -0.55573,-1.13491 0.30804,0.71889 1.10587,0.97167 0.85381,0.27051 1.81537,0.14796 2.68622,-0.0613 0.27704,-0.0666 0.7341,-0.55737 0.48834,-0.70154 -0.72979,-0.42812 -1.37681,2.46024 -1.97164,1.59859 -1.85696,1.81189 -3.81678,3.49721 -5.71212,5.26971 -1.66219,1.55447 -3.25072,3.18775 -4.94043,4.71226 -0.77837,0.70226 -1.60722,1.34646 -2.41084,2.01969 -1.04253,0.91422 -3.75372,3.27644 -4.7771,4.23414 -2.33735,2.18734 -4.39111,4.64305 -6.74884,6.80991 -1.65922,1.93161 -3.07841,4.04926 -4.89362,5.83927 -0.8908,0.93831 -1.66275,1.98064 -2.70671,2.76383 -1.72916,-0.51472 -3.60607,-0.67578 -5.18747,-1.54417 -0.42763,-0.23482 -0.22496,-0.95478 -0.25054,-1.44197 -0.009,-0.17926 0.11145,-0.34207 0.14763,-0.51789 0.27986,-1.36 0.30531,-2.75925 0.31036,-4.14152 -0.0398,-4.56994 -0.40566,-9.13298 -0.71827,-13.69074 -0.22644,-3.95278 -0.82578,-7.86245 -0.88206,-11.82443 -0.0389,-0.73857 -0.59118,-4.80394 0.1965,-5.31372 1.33337,-0.86296 2.95466,-1.16631 4.432,-1.74946 0.6316,0.57311 1.33758,1.07365 1.89479,1.71932 0.46716,0.54131 0.88957,3.51105 0.94266,4.24875 -0.14095,3.18073 -1.54081,4.47158 -4.15955,6.05916 -4.79068,2.80721 -9.39572,5.89899 -13.84509,9.22243 -2.84879,2.19779 -5.71182,4.40452 -8.2765,6.93949 -0.74993,0.74123 -1.41462,1.56465 -2.15019,2.32013 -0.39247,0.4031 -3.22447,3.09803 -3.64116,3.4956 -3.86491,3.05463 -6.77443,5.199 -11.74048,2.93953 -3.68572,-2.39614 -6.82609,-5.56586 -8.00706,-9.92582 -1.30514,-5.30461 -1.61909,-10.82101 -1.40571,-16.2705 0.1395,-3.30147 0.0841,-6.96617 1.20502,-10.12633 0.4796,-1.35217 1.16345,-2.0535 2.01885,-3.14565 0.98831,-0.88712 1.50262,-1.43168 2.68452,-2.12219 2.49828,-1.45958 5.43261,-2.05587 8.23335,-2.58994 4.43049,-0.72996 8.87268,-1.38888 13.31794,-1.9879 4.68637,0 4.68637,6.62753 0,6.62753 z" />
    <path
       style="fill:#000000;fill-opacity:1;stroke-width:16.20000076;stroke-linecap:round;stroke-miterlimit:4;stroke-dasharray:none"
       id="path4113"
       d="m 85.201388,366.88832 c 0.389732,1.46147 1.43704,2.60297 2.911533,3.18194 2.675988,0.83165 5.539467,0.8492 8.32994,0.89805 0.683383,0.008 1.367456,-0.005 2.050148,0.0248 3.358751,0.14734 1.890111,0.25516 5.444051,0.28149 3.00312,0.0222 5.98268,-0.22272 8.96574,-0.50853 1.05803,-0.11378 2.11355,-0.25025 3.17407,-0.34134 1.26525,-0.10868 2.53719,-0.14181 3.80169,-0.25784 5.01464,-0.46011 9.9995,-1.21624 14.97557,-1.9434 4.76611,-0.76014 9.56807,-1.21143 14.34023,-1.93561 2.32015,-0.36536 4.651,-0.70231 7.00687,-0.72968 2.34945,0.15649 4.70349,0.0855 7.0548,0.0226 0.90797,-0.0263 1.81615,-0.0445 2.72436,-0.0613 4.93151,0.006 4.9225,6.54391 -0.009,6.53794 l 0,0 c -0.90861,-0.019 -1.81718,-0.0395 -2.7255,-0.0688 -2.29554,-0.0679 -4.59785,-0.1577 -6.88866,0.0533 -2.17,0.0691 -4.34392,-0.0123 -6.51341,0.10167 -4.79127,0.20846 -9.58,0.49466 -14.36818,0.75302 -4.99073,0.43732 -10.01695,0.844 -14.95913,1.64861 -1.28466,0.20915 -2.54869,0.52297 -3.83551,0.72008 -1.06153,0.1626 -2.13607,0.2388 -3.20411,0.3582 -5.68537,0.63356 -11.40275,0.94092 -17.124071,1.04669 -3.037837,-0.0316 -7.161336,0.26893 -10.063141,-0.46543 -0.487389,-0.12335 -0.931638,-0.36487 -1.397457,-0.54731 -0.487031,-0.26613 -0.999616,-0.49486 -1.461095,-0.79838 -2.146771,-1.41195 -3.582548,-3.54034 -4.814361,-5.65592 -1.746015,-4.36478 4.838619,-6.67956 6.584633,-2.31477 z" />
    <path
       style="fill:#000000;fill-opacity:1;stroke-width:16.20000076;stroke-linecap:round;stroke-miterlimit:4;stroke-dasharray:none"
       id="path4115"
       d="m 121.17091,384.47428 c -0.79213,3.99073 -0.6154,8.11824 -0.55029,12.16848 -0.29306,4.75417 -0.13165,9.51764 0.0343,14.27277 0.0362,3.22058 0.15269,6.43979 0.31229,9.65646 -0.17982,2.56807 0.0577,5.13706 0.008,7.70482 0.007,2.22833 0.0316,4.45618 0.0643,6.6842 -0.20058,2.7763 -0.0374,5.55362 -0.2555,8.32816 -0.27402,4.18391 -0.54442,8.35691 -1.29735,12.48508 -0.89162,5.16269 -1.43172,10.37765 -2.2276,15.55384 -0.73524,4.72491 -0.64474,9.51205 -0.92139,14.26966 -3.5e-4,2.82283 -0.35018,5.61357 -0.67035,8.41135 -0.74963,4.48728 -7.09562,3.42714 -6.34598,-1.06015 l 0,0 c 0.55643,-2.57554 1.28675,-5.11517 1.46393,-7.76003 0.43674,-4.83751 0.78106,-9.68316 1.38552,-14.50475 0.51736,-5.19224 1.56638,-10.29889 2.06972,-15.49203 0.15623,-3.97295 0.72863,-7.9195 0.69014,-11.90297 -0.21815,-2.77454 -0.0549,-5.55186 -0.2555,-8.32816 0.0327,-2.22802 0.0572,-4.45587 0.0643,-6.6842 -0.0499,-2.56776 0.18764,-5.13675 0.008,-7.70482 0.15959,-3.21667 0.27613,-6.43588 0.31229,-9.65646 0.16593,-4.75513 0.32734,-9.5186 0.0343,-14.27277 0.0651,-4.05024 0.24184,-8.17775 -0.55029,-12.16848 0,-4.68637 6.62753,-4.68637 6.62753,0 z" />
  </g>
</svg>
